2768
5064
1946
1749
2857
206
6422
1953
1619
6256
8120
4260
8521
6235
1988
1154
5361
2331
8149
8666
8046
1166
6643
1845
7777
3699
2338
8410
7025
8381
6781
3653
1838
6278
4532
6398
429
5166
8220
4646
1635
50
1422
7516
17
486
744
7195
3127
2546
5899
5828
3958
5720
2287
4154
4928
2630
3082
1839
3120
990
2030
2787
2427
572
7785
3049
343
2496
1257
191
8311
2301
3478
6996
8410
2129
1784
923
3647
8828
1929
2422
3552
2545
5817
4440
2943
6886
6895
1659
7078
6268
8578
7653
1042
1244
4189
4377
