1042
1154
1166
1244
1257
1422
1619
1635
1659
17
1749
1784
1838
1839
1845
191
1929
1946
1953
1988
2030
206
2129
2287
2301
2331
2338
2422
2427
2496
2545
2546
2630
2768
2787
2857
2943
3049
3082
3120
3127
343
3478
3552
3647
3653
3699
3958
4154
4189
4260
429
4377
4440
4532
4646
486
4928
50
5064
5166
5361
572
5720
5817
5828
5899
6235
6256
6268
6278
6398
6422
6643
6781
6886
6895
6996
7025
7078
7195
744
7516
7653
7777
7785
8046
8120
8149
8220
8311
8381
8410
8410
8521
8578
8666
8828
923
990
